2 8
6 8
6 10
4 8
4 10
8 10
10 10
13 14
19 17
16 14
23 17
28 20
33 22
37 25
41 28
44 31
20 14
26 17
32 20
37 22
41 25
45 28
30 17
36 20
13 13
17 13
16 15
20 15
25 15
21 17
25 17
28 17
22 18
26 20
29 18
34 20
31 18
31 21
35 22
33 21
41 24
38 21
39 25
39 28
42 29
40 29
45 27
47 28
44 29
41 27
15 14
18 14
23 15
27 15
18 15
21 15
27 18
24 18
30 20
29 21
36 21
33 18
37 24
34 21
39 24
39 22
35 24
37 27
43 27
43 25
43 28
46 31
46 29
15 13
25 18
39 27
51 36
51 39
50 35
49 36
51 38
49 39
53 39
53 38
53 36
51 40
49 38
53 40
